E = 0
B = 0.4147408125
m = 2.32529304000539172e-26
q = 4.80652989e-19
