E = 5367499.0862869
B = 0
m = 2.325294627e-26
q = 4.806e-19
E_toolow = 60000
E_good = 6667499.0862869 (computed) / 5367499.0862869 (found)
E_toohigh = 8000000
