E = 5367499.0862869
B = 0.4147408125
m = 2.325294627e-26
q = 4.806e-19
